10270070356879564886327276230690076338870920477925986567670777244279034730207917
30088503520694744398311777544119832482034102686755791224500798940474360415924046
01261985428761342289247573533138044720472748665010320028564618397032743648339381
61896082570585255390376875862947328612150550514844157928425776072337571743090107
44046654253045360030430599888490149424052854804669345213834144547925038806127158
49613202518579030697222542000469729201515699666183083999977430635403202888133031
20911789571320418647225954628657398114549017998782760176916698027394413850524662
67211317792840562429546172147544567409160764273667702286879891703227284126561281
29471064422550860270503374719575653010913111206626753408033493740001769225332274
28379436061023645670918602726404620828632705757574173392738722420256063777299843
49738468928508702137829602537572627906875870527244480153422963677693690548998589
84782721078204581857640181429601788591610541527788085951719051130664813703195026
14521972670914503458169294885927233265688608151465720515739997988501637437861751
46637002108153187462851390994316432597985065049614702771001135075342218298561588
97232181572665684075662015257664745411430295739983548373454233354552540073785968
85034034702746380272093405497173437545799349205910400405699029456569760629432549
85888642996459670480996712012135338354415415494520919114947242826920677611896829
23993126171662092977227624157588287411689623006206788339854354549961761513348728
08548919275875903812569609491408469304952659638039958235938740284296691346636656
37867459063138041775905633295630539822061334421141218849386415252199437234122341
54364358307829747636346540204761417503507806991155628111068832829432876398516373
61339931681950790646525629673406590119022234499363473407769898067360894002572677
66785799050453932792251158593016726049435695588442783973146958447805023210497611
33821169683875988220977967254861342632414369097217346376092232405841929959152340
09673188589194311566459153426186856126713388633447066802563258426201927643329510
04098347248164237269450607205890442383552377635981501705461210153157975425306016
47358080427805918486071997971986522269047865462605044610658559439264342244020053
42561920720688323810942183718354976166494142848060697802949951970132714405178579
58689967407951724285857901924316291593128696307147276805565803811092904358233799
85400436105905959764277918656739809863406819943452797051376091245127852367564507
51178481046423958517740495061308798703161411539529357211972843288598884259667815
15741658685662997922335355174854940694714723130844681454580978656130388172730658
88600955388373203786964800209356188077661145869646185184778747434032023558548095
48741015338467783542359492903398716179874915023196985967710330209067430642577731
83273524632633933462704684338861328473453219424642131409704918394129211893568618
05624239445379838908954530391289157835180315763714418748052896364824872791478257
25204561001140447870936993959361653205927901935963742074891985272501134838434617
20980571124505039783697584008236509422901148872300143496709019583834671226034158
47329855834651475755050340479004647536039384650114858699263794465194247197643099
53609552849773568274230506376182873825521234511122966736198518309163917691568255
79850024412370213104902456101080894960541881566330224147931771972478848190299146
97052920894523276048725716975413229103165202050946301296223973228282726291000630
46395750133245364044439354322651545743476431300059109487126615129368408301273547
40992139575391295195147441147450251308497106490304488842288671636103728299831217
61772323342661388652782493952972358770974801110509169618375848063922650950535634
75245071663721823104698819266414745240903807202634169372227970813914470060886800
15018501649830477389429319431006354735436803710081747681809319909129798449072791
53990571281426897562538484244877533646061428008363027178196533872010814435407076
13596299726939751806934754713515149802383691929498814325183349623951064531735649
15304147506922478828489531433398960687772692568960888175557257440904151445811297
46374747925336404746173962639254913605525227551286182727959922690434191521711981
97289328524730568342084332891988996013048116718913319491385290805125961999506100
78915838492139754398267414642724657866215547269380402963367115325438131969976559
41333858194275546936164514466083146259081612383599704491973570594515895911431080
69774864563836744617785342892739942677007525250844991085818147127653268694769257
49714790595126688222315137077244297842450509901521324001503937290844690365896955
67725779513989325356919518073366634200396528041551160233127771171805097052358551
31866120740056348618297385816883527098437049213977031359821360704227138448140175
31731959522122630239066084347896298428713777666206531737870867263545059681356689
98868625799633704425825704866947121864724966835848450202905838156364112647783081
44431908379952939487220883731284037201473073297192443417490227210273525274006609
63815867135029111420187627072459873874873408981700482893816450159163901146667200
48330540845554337467229869449373789445386514798885261534485519362307098915600242
82523476226003619957601710699726651908630686266315516978405883558850470023686378
33283884530733173343264349346509126688434027632569544326074550883049136390792668
77576777120608354002748515071895205847405616924485923673780656508129738925635468
75996942561296120673913828861077890890126310559417749449935533887723920615707969
38315651780627973581786404444792896220711755891666838452675443684989583167505878
75576309408531246440414424713474549135932870073584944649205748549046799511043437
61774810411593351856646560315374535037936583522685523537816365933212219454431527
46478018115086868384273274026632254158740615113978254643438477150337153117311953
44355952296255188754398957351285324670819950639548916131182301834190903135090714
09544230629113290892725507543252744356832460113729637793773615506634542682930539
62634128551848275158161304328066354020779195524329740505547566111280384681312128
82508857262182896443016641387637512670909724796839008449693333477140918034647308
19137716111171008397423265624659928747136075523615839256945887935114660582015004
14560629404251959754147283429481862281912665482599392549891476745628440446255839
58350939995491702370171681705722095493914135652652983599492641320550046766386870
57878553291528176296723030927303110445068121095929725421785448906672647174436589
93454524834729586702272155577096546931208630622670569687530229292704586282478071
33116723919897390540260254794564450663532791023194278607939584185265088507896453
47975275527137827077284852456152358060565914988971159968248885315415834989092272
78985560157590584464320327216698829595634402627842172505114787800804591102715156
65105385493774526764795063977534155424941543521271181462818639807918358536523281
53620485714943169313429346686460808050930209292482425266595733511756551687493206
97147350283455139602370870625138278895878714392469036598135119602606306671061057
93631277977924784499636267635504325001355790803404899948962012705415030957375147
58550437205356061920259366998636651731948418267365678447959086975130792506283046
20467322183889616242754103420283980246417926390577970975158881087322720438103604
73584597633787211979356046245731343663839429087223777956489512266679407819529511
62642760210075661357257792702505150495015931323075128194838811620803737432283895
16683433526880511412692935456926503033815500176410886475794262255515843123406198
22168799555417705043476995510821148290137439044243249887918890335759316985167040
00473250192317551670510320416006406477905238889352858718905702178743987512795720
07215625436634568214659847824963889831009409595610711055541640776348778547978710
38135183880290078304150264280353067216517338526279207482036073338789430893651675
08525426259480068126166312317371940438398839663705218099370471123029196315762185
72137141380516788227418059418600851534628307834345028099445515012919518865625650
66767338777734153192474894790141099702261248802289574932256407387085337828297134
67131944177844124503209604520213353849027795750860583864235640591909596574019456
15025740545116030309039997936428148611158924167101393073570157660730464414100629
50146886870481427434738083262392644564029361211146169237398336559408322823878200
15185743139172822193430534436823125550747919572162817274552020520511387508896109
81321545475229773906763679577561797204719573336494367424571077555368903368472153
21637309317066022358999393368169615195758248681714629503689219256629622858100017
33810372072150478718617837209356315418819509245623726237258178228128630726402418
81165513270652888413608795825059537876602551684422246940207553507439397458950733
93703093287243293831626822434269656120138720574429939878096260424171147326037943
21556793617665129359146580738761772139665013253830098686855434204793705728244025
61011756586093539434764189502895837102194651134896179253596055923877446279672382
54382920071558895336112383874619741489872028498150973074284539310444542051099180
58677253586629751837611471595753367324388422708217700592074433614977265646130615
71513972442199501592503915442897523926582617865331827712099350799306564754342306
55107523199846777890536916925276123514970078101000973618976512729344644829330278
81697640893568434023263578808075340994357249616090687362822371146901689716322374
94318041177888166562859290548647138476238788911803251423301415311263332674433212
12179573036610960746276828674042752904844858031635027919365168531308658581201471
28378543772119646281065332086605730801948275916599569168802121971860867505188907
47366744273201920868356297431265083483372869528612298329451463369127381571431461
95767330600459668937806832498439913686163819894437823974687206103567615545450596
32123634804644032527872595540011866334893748937860909529476449892240476838159892
83429021979602665441265765334056517389544314341484742182287801345577299024937257
92691226037244529677683426042398156561700664819340677946288060914476352496056779
81871538473145482516458727846014251471973494748333035273072050778064391385248598
72326921466786440922535138123197993985996392310174509450530725658455665780441717
80285694439305979938976179024714584637583579753553755125144149271907101477678615
43951939474045772783658637873345175252672214589395046783778116007218287406697387
18279690073786562177701295827596021568675987244295679891932525397860948603088806
63985774994404854806919092492719107373942490491411171560675342003287560554078485
19762327145422147880913498963374890366110744994995997790505185488653694605564369
12444677337565920656187629269003326997831191196153519704168491945804243348103621
03349791390097668268499713954250643136809338652286981204877954262675795374038185
50309790799233993661830237300887096580329687781550106927312086225229665180898844
67063213761740108641955792241216837068285299198537553653786137779432177744856242
66925383824132940111460839279821110634387663409300067603957525342547343785653094
77567115098705424282813404976059511965252285223992949836176336352805320669886880
53597644874942385350434195151973870136850904931761245451516998165160433298161731
27934135749528317071221773087562099929012945077171682328048681781609242688238511
74206322406152569854111668901187219376052707773891865286228816453789700006865784
46962544339819707061925619593818076135483523820828236974550286401756910352842892
08728803689511579389688739950032474903741451106394213703034920058630441215041416
03964875605035237900206354109940262495362262076697988027807064015207101167367990
15890856435978860413121115854859272082032929829991350648600259131323581307168635
06213943491723707770017969278711562220521163544595215777304700179869500640435552
25598742448057093608831800298571140568855000852764652876119755861249163250121870
97081773730124357773978242377991792030436527700857193695018647406548063481944573
43845536418686415650933729115013894036727676496203315048563813778359586487637526
85406509720754908132781840677106708491518647253190262146398821967135852592188440
27642011446615437408509460476883812865294637433247550181404431301315322125214926
37632606307826242897411636303164110541180032221993272613903276184086072093377515
19498971176488144405704868014305876598164801516373597814650178141486352293651981
85462678309583221383510700788353296674789446510333046120221324115192353055388758
98342433010633986531475089801128545682215934700893286332370912410994991032143420
13756492940132055654462116726758950881154650350275527652521771076765086600446205
56766588729212519986335571722983141607760123134182842088286472083954735517779078
88564961538032834527713316635692283159517251655337613043753425842584696194210089
49930411189474205770238370547121705919037030012168453821637664445350209143570497
35511911041945979006933911071611110949163938399217884004124299859190890206380794
58346497159606976362686874340298530570259031320454942280858348958347248253985746
65060120068872327201182190542902348125240619504339801507201052737043678973775032
06229771458408019552292060165243541979019138486575175085798375403043774223413638
27031256739554820435911417507273124165274196695074139486620939803715678715631275
88008085892953963217303108590906397458768418518120575387095171221841151830928643
51438074257520608968242241377889976566388998289958594361781194178079343181561185
88084864384458618210534403572293133726710008388170456653688169303455638997596719
94721414345746885435401462033388547573177104595807108781865004224775032437958504
80072530309506315258737327420319534796576917684301105329347566058047001393486911
33764699871794522220198569821795551464392098517269166270612518299548564495621631
21771264743943772547585311759551427255780652760834032382247814616662510723754762
70379430036903601668507803264384553493485015504774368566404621730392507948671413
25691671490111905590716245146111607350541632917502264190014805922157862725680941
45024878600602118079684196574398709032100197559635875707954728553645223837323590
28719885672892830303465852776495543422219618794448401067069917974136296427857449
73482671559825950685994225969635603965670276416295720718752743612344992228394588
98211545381804904020673886735168242217840157703627503469703759269448925122032352
55284983320014642516241170882034361475144821495392981036605057856694828783149655
94773573699006210958040860944449213042909633490895599398279988125615534447284375
84596908088594145038299239905376966037716509459041384193198460045303372985678405
14380470193668249242018373733087404561116532480466342216574456800380663878058213
49818898025147523451162753451215143618276980559898849841952037342073599649240228
67419124309228067454625364590010051521727762468118494109395516632839274575751333
68597683601378384528096872770093637272597417614086554489051368985215833534056804
99098142497470040846309099987515146013243516821450520028529916267798606925130683
37393285798864780463459093691154080131231882067426654509692770651821657314571447
02826000532898517375495695800145124130028368471022056994768453265830112449876613
75556166081725741602522438569721514752094301169952970587206794801539708862425660
89295040080634532700063317378544766922743990759908773928323961513572300058427718
73233166071810525529456874748365970485598115340507579272419389223443195862359328
69789637423192132169753747189571617835802765439675413776608869714013123244100689
48877223816893487347518951480520939657080960700518190962428351775561646229774551
45641488693161036863786430566536800244089672174506622462125642718275521517281943
59329117580886606076231334589498840785691047891015824908808631001135907299860448
27603972197294728406049834657153886119684983741544097921988809473019411674584090
81411021353623079061330546322445730053484124082321972068296023830024186169661971
87663501550093600566615832539644109068040840274000755773442693472025610130146703
74287462562673522984997614254261301128111239006417276518712151015586476597380297
90358770858709045809075044267945586869740094869405869355177597899403332471026121
34489151146054364148156775046976594660677001936662309613097169781554428758203100
92510149877946207526770057534791944772978889691936108436897009469839492656647705
63121294235583192907866806816240049838447941093428886120997480575702423244352296
12369241964465173322690425427452827464680946657434268035427048924678797662810105
11732740422056184606987693780392661382766850325936128242492494895613582083241524
35988463277453069832282863110855226835909189837729708233578712467908019609853633
73536705981542636397046156257221938257652110278471575895840036153255630951040482
37163771466635864234000256049815375262150137029754925183813053862253440307497821
75152347946000218540861684656179927587258656242825826319498759403370256880651108
73944677082673763732064149170933936205140212524516503479338904125275861216090831
11344875362408818952920744740115048043375896872976993443976547396879621873046699
31554124057640814153134675471898580237984591966138411026751109468058585865500356
29743048168527347689955980818106626860873205999997842510621815553050220411738017
25395578614746852397426578483083291741928747999677618693655758367819297468995016
63715877379832899959754913601256145293813811754875413667161840217637881443121409
85597416571043351833102044755996429761700577590539495366294840104791784233890499
43354414764910300828847138524516736433905963617083868141891190693013671025215183
93508254470266457192801303982036349008421358712888692364119036024165522975941052
93057491278118148655522484947413716250855106209807744317654536928447682347400195
88252523501878496755268252913049642124920018825790661045650133443098097754375523
60366004375973145731213831058966841599188404227416831462616081704560786167522891
95684492561063962516141363217095076794210627217344199123343563981116063734411477
15217473967656188429316328035588388144994160523895745170412486170164617725915983
15318322060608346752498074488507130378683974008572107611184804253312300030889051
48018686965945356591289530755160517459316985199262179533562769292563688675880095
23174475309794918053648329873311231614475541912511249948676886377390393832521354
68855059208616614879406579678790264377788232119775999248368898790238567232262319
79353652269686871565613721758123312260670100562212341180278503762222773738281493
55880912169242633066897522423848692372018343383187230452739362193519527593206262
88212167288970833350873353664197327545585470261864064802376253505770925455851159
14952366308761491957681799054230813604297681147428871903193356547856404240436185
06621475253233334085152041254460151143110360356401878362589026208911729541210068
18738547761528617744194323446638863002031305342365894636677391514033432481176047
72806184037683603913366465774648601630273345138981528778558096718963631994771303
05253699908461616062855322806193939225583498400799950655038686304980289829887915
64447681638998806252533210640164761035923802885663567684883632333664558423182139
19008177794504779245161471121298231646990163291097347664271662827797330051152741
04918536998745233667325231466536738796395748603419887600528568664589668194911667
97235512241140274279273828667372264480567083385380764619356405110833441715719574
18007407322612158307636287811864906751440143141782483817079305005886462347816724
11795227495922294978382155122102606568419365161902051380551038854522513386643635
96304509669055848657460035409486863533305043991909974182173405424327056859242533
96353544223617410043862727007163154858016863888674230504933056710616287188285473
65693065514356903965789599784309241614097731086095222366472033993851464851752788
99996995198682175318841943886212588658471291535924371307972364165929786358586178
69468144550848832720367220594963445993773997738153110886527162551900842972052614
90532118380025711262549654707978943254306153674197292799724918253137938426796436
91911035396002920935058344955320066012943513401378684407804308223807322327432321
72386958036649134306440853358357558000117437507660220718131427740383708869718349
57605385784235996377194519167964006206937560686409851140243468602994000719729365
70415693193656340740090260472908786423482827023776702639311612802947420595277069
70177350202106649221178597243553863956093359043387810500216083878672896374179214
77906235933031559699750102734006157982500382850397378853171527085270783756134244
80069955417956358912559421239671432334767380148422411480676866566707663775095828
84250202254388274421199559694205225989569683249121606715799733682177635415347825
35096936146766965825222694684936895240872774370346207680310130087459258036201778
36364607790640032937273087240871989079886097388582169512571099498152870925054296
40711647946954504801541180779154730476318512258758641541587243690850874958427013
84090984001558621111621442804314912220658247763233593920344724777796579328220917
54863037650676345494609782032362076037339724276815216029321893449290682547976429
20483539517897032770102774860488956461082867818535514431490344979249518972491482
61394652018948656073172095079933405322184847330872371958560335347128263324616168
80070577465637045542346604423705545213318123758110420964711121368266639632305277
67554697284560681488566706625710929886346848972463963625589590590310801396069382
19930599636311553187587720705809452521113442036576108734784414249306061873593888
74559058679676370858739222307247928781400382158445523881377594573847117184134114
80894360417516422257884865869724366443225571176545438134954590544822546667595420
52374657789505582025956713991669588767284839833887705159412610408273078107363120
75104995293998393365342056148022016080472596936979354263182321713552063356956436
37823710816389740584201653572655957803312818703263017057028321365234163076707773
14554091074452948902092617429496627200000000000000000000000000000000000000000000
00000000000000000000000000000000000000000000000000000000000000000000000000000000
00000000000000000000000000000000000000000000000000000000000000000000000000000000
00000000000000000000000000000000000000000000000000000000000000000000000000000000
00000000000000000000000000000000000000000000000000000000000000000000000000000000
00000000000000000000000000000000000000000000000000000000000000000000000000000000
00000000000000000000000000000000000000000000000000000000000000000000000000000000
00000000000000000000000000000000000000000000000000000000000000000000000000000000
00000000000000000000000000000000000000000000000000000000000000000000000000000000
00000000000000000000000000000000000000000000000000000000000000000000000000000000
00000000000000000000000000000000000000000000000000000000000000000000000000000000
00000000000000000000000000000000000000000000000000000000000000000000000000000000
00000000000000000000000000000000000000000000000000000000000000000000000000000000
00000000000000000000000000000000000000000000000000000000000000000000000000000000
00000000000000000000000000000000000000000000000000000000000000000000000000000000
00000000000000000000000000000000000000000000000000000000000000000000000000000000
00000000000000000000000000000000000000000000000000000000000000000000000000000000
00000000000000000000000000000000000000000000000000000000000000000000000000000000
00000000000000000000000000000000000000000000000000000000000000000000000000000000
00000000000000000000000000000000000000000000000000000000000000000000000000000000
00000000000000000000000000000000000000000000000000000000000000000000000000000000
0000000000000000000000000000000000000000000000000000